4 400 399 398 1 2
4 400 398 398 2 2
2 199 398 199 0 0
2 199 398 199 0 0
4 400 399 398 1 2
4 400 398 398 2 2
2 199 398 199 0 0
2 199 398 199 0 0
4 400 399 398 1 2
4 400 398 398 2 2
2 199 398 199 0 0
2 199 398 199 0 0
4 400 399 398 1 2
4 400 398 398 2 2
2 199 398 199 0 0
2 199 398 199 0 0
4 400 399 398 1 2
4 400 398 398 2 2
2 351 351 398 0 0
4 400 399 398 1 2
4 400 398 398 2 2
2 199 398 199 0 0
2 199 398 199 0 0
4 400 399 398 1 2
4 400 398 398 2 2
2 199 398 199 0 0
2 199 398 199 0 0
4 400 399 398 1 2
4 400 398 398 2 2
2 199 398 199 0 0
2 199 398 199 0 0
4 400 399 398 1 2
4 400 398 398 2 2
2 199 398 199 0 0
2 199 398 199 0 0
4 400 399 398 1 2
4 400 398 398 2 2
2 199 398 199 0 0
2 199 398 199 0 0
4 400 399 398 1 2
4 400 398 398 2 2
2 199 398 199 0 0
2 199 398 199 0 0
4 400 399 398 1 2
4 400 398 398 2 2
2 281 281 398 0 0
4 400 399 398 1 2
4 400 398 398 2 2
2 199 398 199 0 0
2 199 398 199 0 0
4 400 399 398 1 2
4 400 398 398 2 2
2 199 398 199 0 0
2 199 398 199 0 0
4 400 399 398 1 2
4 400 398 398 2 2
2 396 396 398 0 0
4 400 399 398 1 2
4 400 398 398 2 2
2 199 398 199 0 0
2 199 398 199 0 0
4 400 399 398 1 2
4 400 398 398 2 2
2 199 398 199 0 0
2 199 398 199 0 0
4 400 399 398 1 2
4 400 398 398 2 2
2 199 398 199 0 0
2 199 398 199 0 0
4 400 399 398 1 2
4 400 398 398 2 2
2 199 398 199 0 0
2 199 398 199 0 0
4 400 399 398 1 2
4 400 398 398 2 2
2 218 218 398 0 0
4 400 399 398 1 2
4 400 398 398 2 2
2 199 398 199 0 0
2 199 398 199 0 0
4 400 399 398 1 2
4 400 398 398 2 2
2 199 398 199 0 0
2 199 398 199 0 0
4 400 399 398 1 2
4 400 398 398 2 2
2 199 398 199 0 0
2 199 398 199 0 0
4 400 399 398 1 2
4 400 398 398 2 2
2 199 398 199 0 0
2 199 398 199 0 0
4 400 399 398 1 2
4 400 398 398 2 2
2 199 398 199 0 0
2 199 398 199 0 0
4 400 399 398 1 2
4 400 398 398 2 2
2 360 360 398 0 0
4 400 399 398 1 2
4 400 398 398 2 2
2 199 398 199 0 0
2 199 398 199 0 0
4 400 399 398 1 2
4 400 398 398 2 2
2 201 201 398 0 0
4 400 399 398 1 2
4 400 398 398 2 2
2 199 398 199 0 0
2 199 398 199 0 0
4 400 399 398 1 2
4 400 398 398 2 2
2 199 398 199 0 0
2 199 398 199 0 0
4 400 399 398 1 2
4 400 398 398 2 2
2 199 398 199 0 0
2 199 398 199 0 0
4 400 399 398 1 2
4 400 398 398 2 2
2 265 265 398 0 0
4 400 399 398 1 2
4 400 398 398 2 2
2 199 398 199 0 0
2 199 398 199 0 0
4 400 399 398 1 2
4 400 398 398 2 2
2 289 289 398 0 0
4 400 399 398 1 2
4 400 398 398 2 2
2 382 382 398 0 0
4 400 399 398 1 2
4 400 398 398 2 2
2 239 239 398 0 0
4 400 399 398 1 2
4 400 398 398 2 2
2 199 398 199 0 0
2 199 398 199 0 0
4 400 399 398 1 2
4 400 398 398 2 2
2 199 398 199 0 0
2 199 398 199 0 0
4 400 399 398 1 2
4 400 398 398 2 2
2 276 276 398 0 0
4 400 399 398 1 2
4 400 398 398 2 2
2 199 398 199 0 0
2 199 398 199 0 0
4 400 399 398 1 2
4 400 398 398 2 2
2 199 398 199 0 0
2 199 398 199 0 0
4 400 399 398 1 2
4 400 398 398 2 2
2 319 319 398 0 0
4 400 399 398 1 2
4 400 398 398 2 2
2 199 398 199 0 0
2 199 398 199 0 0
4 400 399 398 1 2
4 400 398 398 2 2
2 354 354 398 0 0
4 400 399 398 1 2
4 400 398 398 2 2
2 246 246 398 0 0
4 400 399 398 1 2
4 400 398 398 2 2
2 284 284 398 0 0
4 400 399 398 1 2
4 400 398 398 2 2
2 247 247 398 0 0
4 400 399 398 1 2
4 400 398 398 2 2
2 199 398 199 0 0
2 199 398 199 0 0
4 400 399 398 1 2
4 400 398 398 2 2
2 199 398 199 0 0
2 199 398 199 0 0
4 400 399 398 1 2
4 400 398 398 2 2
2 199 398 199 0 0
2 199 398 199 0 0
4 400 399 398 1 2
4 400 398 398 2 2
2 373 373 398 0 0
4 400 399 398 1 2
4 400 398 398 2 2
2 242 242 398 0 0
4 400 399 398 1 2
4 400 398 398 2 2
2 303 303 398 0 0
4 400 399 398 1 2
4 400 398 398 2 2
2 275 275 398 0 0
4 400 399 398 1 2
4 400 398 398 2 2
2 246 246 398 0 0
4 400 399 398 1 2
4 400 398 398 2 2
2 199 398 199 0 0
2 199 398 199 0 0
4 400 399 398 1 2
4 400 398 398 2 2
2 307 307 398 0 0
4 400 399 398 1 2
4 400 398 398 2 2
2 293 293 398 0 0
4 400 399 398 1 2
4 400 398 398 2 2
2 329 329 398 0 0
4 400 399 398 1 2
4 400 398 398 2 2
2 328 328 398 0 0
4 400 399 398 1 2
4 400 398 398 2 2
2 339 339 398 0 0
4 400 399 398 1 2
4 400 398 398 2 2
2 199 398 199 0 0
2 199 398 199 0 0
4 400 399 398 1 2
4 400 398 398 2 2
2 203 203 398 0 0
4 400 399 398 1 2
4 400 398 398 2 2
2 325 325 398 0 0
4 400 399 398 1 2
4 400 398 398 2 2
2 276 276 398 0 0
4 400 399 398 1 2
4 400 398 398 2 2
2 312 312 398 0 0
4 400 399 398 1 2
4 400 398 398 2 2
2 261 261 398 0 0
4 400 399 398 1 2
4 400 398 398 2 2
2 272 272 398 0 0
4 400 399 398 1 2
4 400 398 398 2 2
2 346 346 398 0 0
4 400 399 398 1 2
4 400 398 398 2 2
2 348 348 398 0 0
4 400 399 398 1 2
4 400 398 398 2 2
2 199 398 199 0 0
2 199 398 199 0 0
4 400 399 398 1 2
4 400 398 398 2 2
2 199 398 199 0 0
2 199 398 199 0 0
4 400 399 398 1 2
4 400 398 398 2 2
2 199 398 199 0 0
2 199 398 199 0 0
4 400 399 398 1 2
4 400 398 398 2 2
2 353 353 398 0 0
4 400 399 398 1 2
4 400 398 398 2 2
2 199 398 199 0 0
2 199 398 199 0 0
4 400 399 398 1 2
4 400 398 398 2 2
2 337 337 398 0 0
4 400 399 398 1 2
4 400 398 398 2 2
2 199 398 199 0 0
2 199 398 199 0 0
4 400 399 398 1 2
4 400 398 398 2 2
2 199 398 199 0 0
2 199 398 199 0 0
4 400 399 398 1 2
4 400 398 398 2 2
2 329 329 398 0 0
4 400 399 398 1 2
4 400 398 398 2 2
2 199 398 199 0 0
2 199 398 199 0 0
4 400 399 398 1 2
4 400 398 398 2 2
2 199 398 199 0 0
2 199 398 199 0 0
4 400 399 398 1 2
4 400 398 398 2 2
2 199 398 199 0 0
2 199 398 199 0 0
4 400 399 398 1 2
4 400 398 398 2 2
2 199 398 199 0 0
2 199 398 199 0 0
4 400 399 398 1 2
4 400 398 398 2 2
2 336 336 398 0 0
4 400 399 398 1 2
4 400 398 398 2 2
2 199 398 199 0 0
2 199 398 199 0 0
4 400 399 398 1 2
4 400 398 398 2 2
2 199 398 199 0 0
2 199 398 199 0 0
4 400 399 398 1 2
4 400 398 398 2 2
2 323 323 398 0 0
4 400 399 398 1 2
4 400 398 398 2 2
2 199 398 199 0 0
2 199 398 199 0 0
4 400 399 398 1 2
4 400 398 398 2 2
2 260 260 398 0 0
4 400 399 398 1 2
4 400 398 398 2 2
2 337 337 398 0 0
4 400 399 398 1 2
4 400 398 398 2 2
2 239 239 398 0 0
4 400 399 398 1 2
4 400 398 398 2 2
2 199 398 199 0 0
2 199 398 199 0 0
4 400 399 398 1 2
4 400 398 398 2 2
2 199 398 199 0 0
2 199 398 199 0 0
4 400 399 398 1 2
4 400 398 398 2 2
2 199 398 199 0 0
2 199 398 199 0 0
4 400 399 398 1 2
4 400 398 398 2 2
2 199 398 199 0 0
2 199 398 199 0 0
4 400 399 398 1 2
4 400 398 398 2 2
2 351 351 398 0 0
4 400 399 398 1 2
4 400 398 398 2 2
2 199 398 199 0 0
2 199 398 199 0 0
4 400 399 398 1 2
4 400 398 398 2 2
2 311 311 398 0 0
4 400 399 398 1 2
4 400 398 398 2 2
2 315 315 398 0 0
4 400 399 398 1 2
4 400 398 398 2 2
2 385 385 398 0 0
4 400 399 398 1 2
4 400 398 398 2 2
2 396 396 398 0 0
4 400 399 398 1 2
4 400 398 398 2 2
2 203 203 398 0 0
4 400 399 398 1 2
4 400 398 398 2 2
2 199 398 199 0 0
2 199 398 199 0 0
4 400 399 398 1 2
4 400 398 398 2 2
2 199 398 199 0 0
2 199 398 199 0 0
4 400 399 398 1 2
4 400 398 398 2 2
2 199 398 199 0 0
2 199 398 199 0 0
4 400 399 398 1 2
4 400 398 398 2 2
2 199 398 199 0 0
2 199 398 199 0 0
4 400 399 398 1 2
4 400 398 398 2 2
2 199 398 199 0 0
2 199 398 199 0 0
4 400 399 398 1 2
4 400 398 398 2 2
2 326 326 398 0 0
4 400 399 398 1 2
4 400 398 398 2 2
2 384 384 398 0 0
4 400 399 398 1 2
4 400 398 398 2 2
2 199 398 199 0 0
2 199 398 199 0 0
4 400 399 398 1 2
4 400 398 398 2 2
2 199 398 199 0 0
2 199 398 199 0 0
4 400 399 398 1 2
4 400 398 398 2 2
2 245 245 398 0 0
4 400 399 398 1 2
4 400 398 398 2 2
2 199 398 199 0 0
2 199 398 199 0 0
4 400 399 398 1 2
4 400 398 398 2 2
2 199 398 199 0 0
2 199 398 199 0 0
4 400 399 398 1 2
4 400 398 398 2 2
2 235 235 398 0 0
4 400 399 398 1 2
4 400 398 398 2 2
2 207 207 398 0 0
4 400 399 398 1 2
4 400 398 398 2 2
2 199 398 199 0 0
2 199 398 199 0 0
4 400 399 398 1 2
4 400 398 398 2 2
2 268 268 398 0 0
4 400 399 398 1 2
4 400 398 398 2 2
2 199 398 199 0 0
2 199 398 199 0 0
4 400 399 398 1 2
4 400 398 398 2 2
2 308 308 398 0 0
4 400 399 398 1 2
4 400 398 398 2 2
2 199 398 199 0 0
2 199 398 199 0 0
4 400 399 398 1 2
4 400 398 398 2 2
2 247 247 398 0 0
4 400 399 398 1 2
4 400 398 398 2 2
2 199 398 199 0 0
2 199 398 199 0 0
4 400 399 398 1 2
4 400 398 398 2 2
2 199 398 199 0 0
2 199 398 199 0 0
4 400 399 398 1 2
4 400 398 398 2 2
2 199 398 199 0 0
2 199 398 199 0 0
4 400 399 398 1 2
4 400 398 398 2 2
2 199 398 199 0 0
2 199 398 199 0 0
4 400 399 398 1 2
4 400 398 398 2 2
2 335 335 398 0 0
4 400 399 398 1 2
4 400 398 398 2 2
2 290 290 398 0 0
4 400 399 398 1 2
4 400 398 398 2 2
2 254 254 398 0 0
4 400 399 398 1 2
4 400 398 398 2 2
2 199 398 199 0 0
2 199 398 199 0 0
4 400 399 398 1 2
4 400 398 398 2 2
2 244 244 398 0 0
4 400 399 398 1 2
4 400 398 398 2 2
2 199 398 199 0 0
2 199 398 199 0 0
4 400 399 398 1 2
4 400 398 398 2 2
2 375 375 398 0 0
4 400 399 398 1 2
4 400 398 398 2 2
2 199 398 199 0 0
2 199 398 199 0 0
4 400 399 398 1 2
4 400 398 398 2 2
2 330 330 398 0 0
4 400 399 398 1 2
4 400 398 398 2 2
2 322 322 398 0 0
4 400 399 398 1 2
4 400 398 398 2 2
2 199 398 199 0 0
2 199 398 199 0 0
4 400 399 398 1 2
4 400 398 398 2 2
2 215 215 398 0 0
4 400 399 398 1 2
4 400 398 398 2 2
2 199 398 199 0 0
2 199 398 199 0 0
4 400 399 398 1 2
4 400 398 398 2 2
2 199 398 199 0 0
2 199 398 199 0 0
4 400 399 398 1 2
4 400 398 398 2 2
2 199 398 199 0 0
2 199 398 199 0 0
4 400 399 398 1 2
4 400 398 398 2 2
2 284 284 398 0 0
4 400 399 398 1 2
4 400 398 398 2 2
2 199 398 199 0 0
2 199 398 199 0 0
4 400 399 398 1 2
4 400 398 398 2 2
2 202 202 398 0 0
4 400 399 398 1 2
4 400 398 398 2 2
2 283 283 398 0 0
4 400 399 398 1 2
4 400 398 398 2 2
2 199 398 199 0 0
2 199 398 199 0 0
4 400 399 398 1 2
4 400 398 398 2 2
2 199 398 199 0 0
2 199 398 199 0 0
4 400 399 398 1 2
4 400 398 398 2 2
2 199 398 199 0 0
2 199 398 199 0 0
4 400 399 398 1 2
4 400 398 398 2 2
2 199 398 199 0 0
2 199 398 199 0 0
4 400 399 398 1 2
4 400 398 398 2 2
2 199 398 199 0 0
2 199 398 199 0 0
4 400 399 398 1 2
4 400 398 398 2 2
2 199 398 199 0 0
2 199 398 199 0 0
4 400 399 398 1 2
4 400 398 398 2 2
2 268 268 398 0 0
4 400 399 398 1 2
4 400 398 398 2 2
2 199 398 199 0 0
2 199 398 199 0 0
4 400 399 398 1 2
4 400 398 398 2 2
2 344 344 398 0 0
4 400 399 398 1 2
4 400 398 398 2 2
2 358 358 398 0 0
4 400 399 398 1 2
4 400 398 398 2 2
2 303 303 398 0 0
4 400 399 398 1 2
4 400 398 398 2 2
2 199 398 199 0 0
2 199 398 199 0 0
4 400 399 398 1 2
4 400 398 398 2 2
2 289 289 398 0 0
4 400 399 398 1 2
4 400 398 398 2 2
2 253 253 398 0 0
4 400 399 398 1 2
4 400 398 398 2 2
2 199 398 199 0 0
2 199 398 199 0 0
4 400 399 398 1 2
4 400 398 398 2 2
2 199 398 199 0 0
2 199 398 199 0 0
4 400 399 398 1 2
4 400 398 398 2 2
2 333 333 398 0 0
4 400 399 398 1 2
4 400 398 398 2 2
2 199 398 199 0 0
2 199 398 199 0 0
4 400 399 398 1 2
4 400 398 398 2 2
2 281 281 398 0 0
4 400 399 398 1 2
4 400 398 398 2 2
2 199 398 199 0 0
2 199 398 199 0 0
4 400 399 398 1 2
4 400 398 398 2 2
2 353 353 398 0 0
4 400 399 398 1 2
4 400 398 398 2 2
2 199 398 199 0 0
2 199 398 199 0 0
4 400 399 398 1 2
4 400 398 398 2 2
2 367 367 398 0 0
4 400 399 398 1 2
4 400 398 398 2 2
2 385 385 398 0 0
4 400 399 398 1 2
4 400 398 398 2 2
2 289 289 398 0 0
4 400 399 398 1 2
4 400 398 398 2 2
2 341 341 398 0 0
4 400 399 398 1 2
4 400 398 398 2 2
2 199 398 199 0 0
2 199 398 199 0 0
4 400 399 398 1 2
4 400 398 398 2 2
2 345 345 398 0 0
4 400 399 398 1 2
4 400 398 398 2 2
2 205 205 398 0 0
4 400 399 398 1 2
4 400 398 398 2 2
2 199 398 199 0 0
2 199 398 199 0 0
4 400 399 398 1 2
4 400 398 398 2 2
2 199 398 199 0 0
2 199 398 199 0 0
4 400 399 398 1 2
4 400 398 398 2 2
2 199 398 199 0 0
2 199 398 199 0 0
4 400 399 398 1 2
4 400 398 398 2 2
2 283 283 398 0 0
4 400 399 398 1 2
4 400 398 398 2 2
2 260 260 398 0 0
4 400 399 398 1 2
4 400 398 398 2 2
2 199 398 199 0 0
2 199 398 199 0 0
4 400 399 398 1 2
4 400 398 398 2 2
2 267 267 398 0 0
4 400 399 398 1 2
4 400 398 398 2 2
2 199 398 199 0 0
2 199 398 199 0 0
4 400 399 398 1 2
4 400 398 398 2 2
2 394 394 398 0 0
4 400 399 398 1 2
4 400 398 398 2 2
2 298 298 398 0 0
4 400 399 398 1 2
4 400 398 398 2 2
2 199 398 199 0 0
2 199 398 199 0 0
4 400 399 398 1 2
4 400 398 398 2 2
2 281 281 398 0 0
4 400 399 398 1 2
4 400 398 398 2 2
2 311 311 398 0 0
4 400 399 398 1 2
4 400 398 398 2 2
2 199 398 199 0 0
2 199 398 199 0 0
4 400 399 398 1 2
4 400 398 398 2 2
2 263 263 398 0 0
4 400 399 398 1 2
4 400 398 398 2 2
2 380 380 398 0 0
4 400 399 398 1 2
4 400 398 398 2 2
2 228 228 398 0 0
4 400 399 398 1 2
4 400 398 398 2 2
2 199 398 199 0 0
2 199 398 199 0 0
4 400 399 398 1 2
4 400 398 398 2 2
2 199 398 199 0 0
2 199 398 199 0 0
4 400 399 398 1 2
4 400 398 398 2 2
2 384 384 398 0 0
4 400 399 398 1 2
4 400 398 398 2 2
2 226 226 398 0 0
4 400 399 398 1 2
4 400 398 398 2 2
2 391 391 398 0 0
4 400 399 398 1 2
4 400 398 398 2 2
2 199 398 199 0 0
2 199 398 199 0 0
4 400 399 398 1 2
4 400 398 398 2 2
2 199 398 199 0 0
2 199 398 199 0 0
4 400 399 398 1 2
4 400 398 398 2 2
2 199 398 199 0 0
2 199 398 199 0 0
4 400 399 398 1 2
4 400 398 398 2 2
2 281 281 398 0 0
4 400 399 398 1 2
4 400 398 398 2 2
2 294 294 398 0 0
4 400 399 398 1 2
4 400 398 398 2 2
2 199 398 199 0 0
2 199 398 199 0 0
4 400 399 398 1 2
4 400 398 398 2 2
2 199 398 199 0 0
2 199 398 199 0 0
4 400 399 398 1 2
4 400 398 398 2 2
2 281 281 398 0 0
4 400 399 398 1 2
4 400 398 398 2 2
2 395 395 398 0 0
4 400 399 398 1 2
4 400 398 398 2 2
2 392 392 398 0 0
4 400 399 398 1 2
4 400 398 398 2 2
2 199 398 199 0 0
2 199 398 199 0 0
4 400 399 398 1 2
4 400 398 398 2 2
2 199 398 199 0 0
2 199 398 199 0 0
4 400 399 398 1 2
4 400 398 398 2 2
2 322 322 398 0 0
4 400 399 398 1 2
4 400 398 398 2 2
2 199 398 199 0 0
2 199 398 199 0 0
4 400 399 398 1 2
4 400 398 398 2 2
2 199 398 199 0 0
2 199 398 199 0 0
4 400 399 398 1 2
4 400 398 398 2 2
2 370 370 398 0 0
4 400 399 398 1 2
4 400 398 398 2 2
2 276 276 398 0 0
4 400 399 398 1 2
4 400 398 398 2 2
2 255 255 398 0 0
4 400 399 398 1 2
4 400 398 398 2 2
2 292 292 398 0 0
4 400 399 398 1 2
4 400 398 398 2 2
2 199 398 199 0 0
2 199 398 199 0 0
4 400 399 398 1 2
4 400 398 398 2 2
2 199 398 199 0 0
2 199 398 199 0 0
4 400 399 398 1 2
4 400 398 398 2 2
2 214 214 398 0 0
4 400 399 398 1 2
4 400 398 398 2 2
2 199 398 199 0 0
2 199 398 199 0 0
4 400 399 398 1 2
4 400 398 398 2 2
2 317 317 398 0 0
4 400 399 398 1 2
4 400 398 398 2 2
2 330 330 398 0 0
4 400 399 398 1 2
4 400 398 398 2 2
2 199 398 199 0 0
2 199 398 199 0 0
4 400 399 398 1 2
4 400 398 398 2 2
2 320 320 398 0 0
4 400 399 398 1 2
4 400 398 398 2 2
2 243 243 398 0 0
4 400 399 398 1 2
4 400 398 398 2 2
2 322 322 398 0 0
4 400 399 398 1 2
4 400 398 398 2 2
2 199 398 199 0 0
2 199 398 199 0 0
4 400 399 398 1 2
4 400 398 398 2 2
2 199 398 199 0 0
2 199 398 199 0 0
4 400 399 398 1 2
4 400 398 398 2 2
2 199 398 199 0 0
2 199 398 199 0 0
4 400 399 398 1 2
4 400 398 398 2 2
2 300 300 398 0 0
4 400 399 398 1 2
4 400 398 398 2 2
2 199 398 199 0 0
2 199 398 199 0 0
4 400 399 398 1 2
4 400 398 398 2 2
2 257 257 398 0 0
4 400 399 398 1 2
4 400 398 398 2 2
2 389 389 398 0 0
4 400 399 398 1 2
4 400 398 398 2 2
2 199 398 199 0 0
2 199 398 199 0 0
4 400 399 398 1 2
4 400 398 398 2 2
2 275 275 398 0 0
4 400 399 398 1 2
4 400 398 398 2 2
2 380 380 398 0 0
4 400 399 398 1 2
4 400 398 398 2 2
2 199 398 199 0 0
2 199 398 199 0 0
4 400 399 398 1 2
4 400 398 398 2 2
2 199 398 199 0 0
2 199 398 199 0 0
4 400 399 398 1 2
4 400 398 398 2 2
2 206 206 398 0 0
4 400 399 398 1 2
4 400 398 398 2 2
2 199 398 199 0 0
2 199 398 199 0 0
4 400 399 398 1 2
4 400 398 398 2 2
2 308 308 398 0 0
4 400 399 398 1 2
4 400 398 398 2 2
2 199 398 199 0 0
2 199 398 199 0 0
4 400 399 398 1 2
4 400 398 398 2 2
2 199 398 199 0 0
2 199 398 199 0 0
4 400 399 398 1 2
4 400 398 398 2 2
2 199 398 199 0 0
2 199 398 199 0 0
4 400 399 398 1 2
4 400 398 398 2 2
2 323 323 398 0 0
4 400 399 398 1 2
4 400 398 398 2 2
2 199 398 199 0 0
2 199 398 199 0 0
4 400 399 398 1 2
4 400 398 398 2 2
2 199 398 199 0 0
2 199 398 199 0 0
4 400 399 398 1 2
4 400 398 398 2 2
2 199 398 199 0 0
2 199 398 199 0 0
4 400 399 398 1 2
4 400 398 398 2 2
2 338 338 398 0 0
4 400 399 398 1 2
4 400 398 398 2 2
2 357 357 398 0 0
4 400 399 398 1 2
4 400 398 398 2 2
2 199 398 199 0 0
2 199 398 199 0 0
4 400 399 398 1 2
4 400 398 398 2 2
2 384 384 398 0 0
4 400 399 398 1 2
4 400 398 398 2 2
2 396 396 398 0 0
4 400 399 398 1 2
4 400 398 398 2 2
2 199 398 199 0 0
2 199 398 199 0 0
4 400 399 398 1 2
4 400 398 398 2 2
2 199 398 199 0 0
2 199 398 199 0 0
4 400 399 398 1 2
4 400 398 398 2 2
2 199 398 199 0 0
2 199 398 199 0 0
4 400 399 398 1 2
4 400 398 398 2 2
2 199 398 199 0 0
2 199 398 199 0 0
4 400 399 398 1 2
4 400 398 398 2 2
2 240 240 398 0 0
4 400 399 398 1 2
4 400 398 398 2 2
2 394 394 398 0 0
4 400 399 398 1 2
4 400 398 398 2 2
2 275 275 398 0 0
4 400 399 398 1 2
4 400 398 398 2 2
2 199 398 199 0 0
2 199 398 199 0 0
4 400 399 398 1 2
4 400 398 398 2 2
2 200 200 398 0 0
4 400 399 398 1 2
4 400 398 398 2 2
2 352 352 398 0 0
4 400 399 398 1 2
4 400 398 398 2 2
2 199 398 199 0 0
2 199 398 199 0 0
4 400 399 398 1 2
4 400 398 398 2 2
2 286 286 398 0 0
4 400 399 398 1 2
4 400 398 398 2 2
2 199 398 199 0 0
2 199 398 199 0 0
4 400 399 398 1 2
4 400 398 398 2 2
2 316 316 398 0 0
4 400 399 398 1 2
4 400 398 398 2 2
2 199 398 199 0 0
2 199 398 199 0 0
4 400 399 398 1 2
4 400 398 398 2 2
2 199 398 199 0 0
2 199 398 199 0 0
4 400 399 398 1 2
4 400 398 398 2 2
2 199 398 199 0 0
2 199 398 199 0 0
4 400 399 398 1 2
4 400 398 398 2 2
2 199 398 199 0 0
2 199 398 199 0 0
4 400 399 398 1 2
4 400 398 398 2 2
2 220 220 398 0 0
4 400 399 398 1 2
4 400 398 398 2 2
2 199 398 199 0 0
2 199 398 199 0 0
4 400 399 398 1 2
4 400 398 398 2 2
2 232 232 398 0 0
4 400 399 398 1 2
4 400 398 398 2 2
2 199 398 199 0 0
2 199 398 199 0 0
4 400 399 398 1 2
4 400 398 398 2 2
2 199 398 199 0 0
2 199 398 199 0 0
4 400 399 398 1 2
4 400 398 398 2 2
2 258 258 398 0 0
4 400 399 398 1 2
4 400 398 398 2 2
2 201 201 398 0 0
4 400 399 398 1 2
4 400 398 398 2 2
2 344 344 398 0 0
4 400 399 398 1 2
4 400 398 398 2 2
2 316 316 398 0 0
4 400 399 398 1 2
4 400 398 398 2 2
2 199 398 199 0 0
2 199 398 199 0 0
4 400 399 398 1 2
4 400 398 398 2 2
2 278 278 398 0 0
4 400 399 398 1 2
4 400 398 398 2 2
2 199 398 199 0 0
2 199 398 199 0 0
4 400 399 398 1 2
4 400 398 398 2 2
2 199 398 199 0 0
2 199 398 199 0 0
4 400 399 398 1 2
4 400 398 398 2 2
2 199 398 199 0 0
2 199 398 199 0 0
4 400 399 398 1 2
4 400 398 398 2 2
2 199 398 199 0 0
2 199 398 199 0 0
4 400 399 398 1 2
4 400 398 398 2 2
2 339 339 398 0 0
4 400 399 398 1 2
4 400 398 398 2 2
2 199 398 199 0 0
2 199 398 199 0 0
4 400 399 398 1 2
4 400 398 398 2 2
2 224 224 398 0 0
4 400 399 398 1 2
4 400 398 398 2 2
2 199 398 199 0 0
2 199 398 199 0 0
4 400 399 398 1 2
4 400 398 398 2 2
2 199 398 199 0 0
2 199 398 199 0 0
4 400 399 398 1 2
4 400 398 398 2 2
2 199 398 199 0 0
2 199 398 199 0 0
4 400 399 398 1 2
4 400 398 398 2 2
2 199 398 199 0 0
2 199 398 199 0 0
4 400 399 398 1 2
4 400 398 398 2 2
2 199 398 199 0 0
2 199 398 199 0 0
4 400 399 398 1 2
4 400 398 398 2 2
2 251 251 398 0 0
4 400 399 398 1 2
4 400 398 398 2 2
2 364 364 398 0 0
4 400 399 398 1 2
4 400 398 398 2 2
2 199 398 199 0 0
2 199 398 199 0 0
4 400 399 398 1 2
4 400 398 398 2 2
2 395 395 398 0 0
4 400 399 398 1 2
4 400 398 398 2 2
2 199 398 199 0 0
2 199 398 199 0 0
4 400 399 398 1 2
4 400 398 398 2 2
2 328 328 398 0 0
4 400 399 398 1 2
4 400 398 398 2 2
2 301 301 398 0 0
4 400 399 398 1 2
4 400 398 398 2 2
2 347 347 398 0 0
4 400 399 398 1 2
4 400 398 398 2 2
2 199 398 199 0 0
2 199 398 199 0 0
4 400 399 398 1 2
4 400 398 398 2 2
2 199 398 199 0 0
2 199 398 199 0 0
4 400 399 398 1 2
4 400 398 398 2 2
2 308 308 398 0 0
4 400 399 398 1 2
4 400 398 398 2 2
2 259 259 398 0 0
4 400 399 398 1 2
4 400 398 398 2 2
2 286 286 398 0 0
4 400 399 398 1 2
4 400 398 398 2 2
2 387 387 398 0 0
4 400 399 398 1 2
4 400 398 398 2 2
2 199 398 199 0 0
2 199 398 199 0 0
4 400 399 398 1 2
4 400 398 398 2 2
2 383 383 398 0 0
4 400 399 398 1 2
4 400 398 398 2 2
2 199 398 199 0 0
2 199 398 199 0 0
4 400 399 398 1 2
4 400 398 398 2 2
2 199 398 199 0 0
2 199 398 199 0 0
4 400 399 398 1 2
4 400 398 398 2 2
2 302 302 398 0 0
4 400 399 398 1 2
4 400 398 398 2 2
2 260 260 398 0 0
4 400 399 398 1 2
4 400 398 398 2 2
2 351 351 398 0 0
4 400 399 398 1 2
4 400 398 398 2 2
2 353 353 398 0 0
4 400 399 398 1 2
4 400 398 398 2 2
2 199 398 199 0 0
2 199 398 199 0 0
4 400 399 398 1 2
4 400 398 398 2 2
2 199 398 199 0 0
2 199 398 199 0 0
4 400 399 398 1 2
4 400 398 398 2 2
2 390 390 398 0 0
4 400 399 398 1 2
4 400 398 398 2 2
2 199 398 199 0 0
2 199 398 199 0 0
4 400 399 398 1 2
4 400 398 398 2 2
2 199 398 199 0 0
2 199 398 199 0 0
4 400 399 398 1 2
4 400 398 398 2 2
2 249 249 398 0 0
4 400 399 398 1 2
4 400 398 398 2 2
2 279 279 398 0 0
4 400 399 398 1 2
4 400 398 398 2 2
2 199 398 199 0 0
2 199 398 199 0 0
4 400 399 398 1 2
4 400 398 398 2 2
2 199 398 199 0 0
2 199 398 199 0 0
4 400 399 398 1 2
4 400 398 398 2 2
2 337 337 398 0 0
4 400 399 398 1 2
4 400 398 398 2 2
2 199 398 199 0 0
2 199 398 199 0 0
4 400 399 398 1 2
4 400 398 398 2 2
2 199 398 199 0 0
2 199 398 199 0 0
4 400 399 398 1 2
4 400 398 398 2 2
2 334 334 398 0 0
4 400 399 398 1 2
4 400 398 398 2 2
2 215 215 398 0 0
4 400 399 398 1 2
4 400 398 398 2 2
2 347 347 398 0 0
4 400 399 398 1 2
4 400 398 398 2 2
2 308 308 398 0 0
4 400 399 398 1 2
4 400 398 398 2 2
2 199 398 199 0 0
2 199 398 199 0 0
4 400 399 398 1 2
4 400 398 398 2 2
2 322 322 398 0 0
4 400 399 398 1 2
4 400 398 398 2 2
2 283 283 398 0 0
4 400 399 398 1 2
4 400 398 398 2 2
2 199 398 199 0 0
2 199 398 199 0 0
4 400 399 398 1 2
4 400 398 398 2 2
2 346 346 398 0 0
4 400 399 398 1 2
4 400 398 398 2 2
2 294 294 398 0 0
4 400 399 398 1 2
4 400 398 398 2 2
2 199 398 199 0 0
2 199 398 199 0 0
4 400 399 398 1 2
4 400 398 398 2 2
2 199 398 199 0 0
2 199 398 199 0 0
4 400 399 398 1 2
4 400 398 398 2 2
2 199 398 199 0 0
2 199 398 199 0 0
4 400 399 398 1 2
4 400 398 398 2 2
2 223 223 398 0 0
4 400 399 398 1 2
4 400 398 398 2 2
2 199 398 199 0 0
2 199 398 199 0 0
4 400 399 398 1 2
4 400 398 398 2 2
2 199 398 199 0 0
2 199 398 199 0 0
4 400 399 398 1 2
4 400 398 398 2 2
2 199 398 199 0 0
2 199 398 199 0 0
4 400 399 398 1 2
4 400 398 398 2 2
2 387 387 398 0 0
4 400 399 398 1 2
4 400 398 398 2 2
2 199 398 199 0 0
2 199 398 199 0 0
4 400 399 398 1 2
4 400 398 398 2 2
2 199 398 199 0 0
2 199 398 199 0 0
4 400 399 398 1 2
4 400 398 398 2 2
2 357 357 398 0 0
4 400 399 398 1 2
4 400 398 398 2 2
2 199 398 199 0 0
2 199 398 199 0 0
4 400 399 398 1 2
4 400 398 398 2 2
2 199 398 199 0 0
2 199 398 199 0 0
4 400 399 398 1 2
4 400 398 398 2 2
2 221 221 398 0 0
4 400 399 398 1 2
4 400 398 398 2 2
2 199 398 199 0 0
2 199 398 199 0 0
4 400 399 398 1 2
4 400 398 398 2 2
2 199 398 199 0 0
2 199 398 199 0 0
4 400 399 398 1 2
4 400 398 398 2 2
2 229 229 398 0 0
4 400 399 398 1 2
4 400 398 398 2 2
2 275 275 398 0 0
4 400 399 398 1 2
4 400 398 398 2 2
2 199 398 199 0 0
2 199 398 199 0 0
4 400 399 398 1 2
4 400 398 398 2 2
2 199 398 199 0 0
2 199 398 199 0 0
4 400 399 398 1 2
4 400 398 398 2 2
2 199 398 199 0 0
2 199 398 199 0 0
4 400 399 398 1 2
4 400 398 398 2 2
2 266 266 398 0 0
4 400 399 398 1 2
4 400 398 398 2 2
2 199 398 199 0 0
2 199 398 199 0 0
4 400 399 398 1 2
4 400 398 398 2 2
2 199 398 199 0 0
2 199 398 199 0 0
4 400 399 398 1 2
4 400 398 398 2 2
2 251 251 398 0 0
4 400 399 398 1 2
4 400 398 398 2 2
2 199 398 199 0 0
2 199 398 199 0 0
4 400 399 398 1 2
4 400 398 398 2 2
2 199 398 199 0 0
2 199 398 199 0 0
4 400 399 398 1 2
4 400 398 398 2 2
2 199 398 199 0 0
2 199 398 199 0 0
4 400 399 398 1 2
4 400 398 398 2 2
2 199 398 199 0 0
2 199 398 199 0 0
4 400 399 398 1 2
4 400 398 398 2 2
2 304 304 398 0 0
4 400 399 398 1 2
4 400 398 398 2 2
2 398 398 398 0 0
4 400 399 398 1 2
4 400 398 398 2 2
2 246 246 398 0 0
4 400 399 398 1 2
4 400 398 398 2 2
2 279 279 398 0 0
4 400 399 398 1 2
4 400 398 398 2 2
2 279 279 398 0 0
4 400 399 398 1 2
4 400 398 398 2 2
2 247 247 398 0 0
4 400 399 398 1 2
4 400 398 398 2 2
2 238 238 398 0 0
4 400 399 398 1 2
4 400 398 398 2 2
2 199 398 199 0 0
2 199 398 199 0 0
4 400 399 398 1 2
4 400 398 398 2 2
2 271 271 398 0 0
4 400 399 398 1 2
4 400 398 398 2 2
2 340 340 398 0 0
4 400 399 398 1 2
4 400 398 398 2 2
2 199 398 199 0 0
2 199 398 199 0 0
4 400 399 398 1 2
4 400 398 398 2 2
2 199 398 199 0 0
2 199 398 199 0 0
4 400 399 398 1 2
4 400 398 398 2 2
2 199 398 199 0 0
2 199 398 199 0 0
4 400 399 398 1 2
4 400 398 398 2 2
2 199 398 199 0 0
2 199 398 199 0 0
4 400 399 398 1 2
4 400 398 398 2 2
2 199 398 199 0 0
2 199 398 199 0 0
4 400 399 398 1 2
4 400 398 398 2 2
2 199 398 199 0 0
2 199 398 199 0 0
4 400 399 398 1 2
4 400 398 398 2 2
2 308 308 398 0 0
4 400 399 398 1 2
4 400 398 398 2 2
2 199 398 199 0 0
2 199 398 199 0 0
4 400 399 398 1 2
4 400 398 398 2 2
2 251 251 398 0 0
4 400 399 398 1 2
4 400 398 398 2 2
2 199 398 199 0 0
2 199 398 199 0 0
4 400 399 398 1 2
4 400 398 398 2 2
2 214 214 398 0 0
4 400 399 398 1 2
4 400 398 398 2 2
2 308 308 398 0 0
4 400 399 398 1 2
4 400 398 398 2 2
2 199 398 199 0 0
2 199 398 199 0 0
4 400 399 398 1 2
4 400 398 398 2 2
2 199 398 199 0 0
2 199 398 199 0 0
4 400 399 398 1 2
4 400 398 398 2 2
2 199 398 199 0 0
2 199 398 199 0 0
4 400 399 398 1 2
4 400 398 398 2 2
2 386 386 398 0 0
4 400 399 398 1 2
4 400 398 398 2 2
2 219 219 398 0 0
4 400 399 398 1 2
4 400 398 398 2 2
2 301 301 398 0 0
4 400 399 398 1 2
4 400 398 398 2 2
2 199 398 199 0 0
2 199 398 199 0 0
4 400 399 398 1 2
4 400 398 398 2 2
2 199 398 199 0 0
2 199 398 199 0 0
4 400 399 398 1 2
4 400 398 398 2 2
2 199 398 199 0 0
2 199 398 199 0 0
4 400 399 398 1 2
4 400 398 398 2 2
2 295 295 398 0 0
4 400 399 398 1 2
4 400 398 398 2 2
2 199 398 199 0 0
2 199 398 199 0 0
4 400 399 398 1 2
4 400 398 398 2 2
2 199 398 199 0 0
2 199 398 199 0 0
4 400 399 398 1 2
4 400 398 398 2 2
2 378 378 398 0 0
4 400 399 398 1 2
4 400 398 398 2 2
2 199 398 199 0 0
2 199 398 199 0 0
4 400 399 398 1 2
4 400 398 398 2 2
2 199 398 199 0 0
2 199 398 199 0 0
4 400 399 398 1 2
4 400 398 398 2 2
2 199 398 199 0 0
2 199 398 199 0 0
4 400 399 398 1 2
4 400 398 398 2 2
2 251 251 398 0 0
4 400 399 398 1 2
4 400 398 398 2 2
2 264 264 398 0 0
4 400 399 398 1 2
4 400 398 398 2 2
2 301 301 398 0 0
4 400 399 398 1 2
4 400 398 398 2 2
2 199 398 199 0 0
2 199 398 199 0 0
4 400 399 398 1 2
4 400 398 398 2 2
2 199 398 199 0 0
2 199 398 199 0 0
4 400 399 398 1 2
4 400 398 398 2 2
2 199 398 199 0 0
2 199 398 199 0 0
4 400 399 398 1 2
4 400 398 398 2 2
2 361 361 398 0 0
4 400 399 398 1 2
4 400 398 398 2 2
2 199 398 199 0 0
2 199 398 199 0 0
4 400 399 398 1 2
4 400 398 398 2 2
2 392 392 398 0 0
4 400 399 398 1 2
4 400 398 398 2 2
2 199 398 199 0 0
2 199 398 199 0 0
4 400 399 398 1 2
4 400 398 398 2 2
2 199 398 199 0 0
2 199 398 199 0 0
4 400 399 398 1 2
4 400 398 398 2 2
2 208 208 398 0 0
4 400 399 398 1 2
4 400 398 398 2 2
2 199 398 199 0 0
2 199 398 199 0 0
4 400 399 398 1 2
4 400 398 398 2 2
2 199 398 199 0 0
2 199 398 199 0 0
4 400 399 398 1 2
4 400 398 398 2 2
2 199 398 199 0 0
2 199 398 199 0 0
4 400 399 398 1 2
4 400 398 398 2 2
2 199 398 199 0 0
2 199 398 199 0 0
4 400 399 398 1 2
4 400 398 398 2 2
2 199 398 199 0 0
2 199 398 199 0 0
4 400 399 398 1 2
4 400 398 398 2 2
2 277 277 398 0 0
4 400 399 398 1 2
4 400 398 398 2 2
2 331 331 398 0 0
4 400 399 398 1 2
4 400 398 398 2 2
2 344 344 398 0 0
4 400 399 398 1 2
4 400 398 398 2 2
2 236 236 398 0 0
4 400 399 398 1 2
4 400 398 398 2 2
2 238 238 398 0 0
4 400 399 398 1 2
4 400 398 398 2 2
2 199 398 199 0 0
2 199 398 199 0 0
4 400 399 398 1 2
4 400 398 398 2 2
2 199 398 199 0 0
2 199 398 199 0 0
4 400 399 398 1 2
4 400 398 398 2 2
2 209 209 398 0 0
4 400 399 398 1 2
4 400 398 398 2 2
2 343 343 398 0 0
4 400 399 398 1 2
4 400 398 398 2 2
2 392 392 398 0 0
4 400 399 398 1 2
4 400 398 398 2 2
2 199 398 199 0 0
2 199 398 199 0 0
4 400 399 398 1 2
4 400 398 398 2 2
2 267 267 398 0 0
4 400 399 398 1 2
4 400 398 398 2 2
2 199 398 199 0 0
2 199 398 199 0 0
4 400 399 398 1 2
4 400 398 398 2 2
2 199 398 199 0 0
2 199 398 199 0 0
4 400 399 398 1 2
4 400 398 398 2 2
2 248 248 398 0 0
4 400 399 398 1 2
4 400 398 398 2 2
2 199 398 199 0 0
2 199 398 199 0 0
4 400 399 398 1 2
4 400 398 398 2 2
2 380 380 398 0 0
4 400 399 398 1 2
4 400 398 398 2 2
2 224 224 398 0 0
4 400 399 398 1 2
4 400 398 398 2 2
2 363 363 398 0 0
4 400 399 398 1 2
4 400 398 398 2 2
2 304 304 398 0 0
4 400 399 398 1 2
4 400 398 398 2 2
2 199 398 199 0 0
2 199 398 199 0 0
4 400 399 398 1 2
4 400 398 398 2 2
2 332 332 398 0 0
4 400 399 398 1 2
4 400 398 398 2 2
2 242 242 398 0 0
4 400 399 398 1 2
4 400 398 398 2 2
2 387 387 398 0 0
4 400 399 398 1 2
4 400 398 398 2 2
2 199 398 199 0 0
2 199 398 199 0 0
4 400 399 398 1 2
4 400 398 398 2 2
2 205 205 398 0 0
4 400 399 398 1 2
4 400 398 398 2 2
2 199 398 199 0 0
2 199 398 199 0 0
4 400 399 398 1 2
4 400 398 398 2 2
2 367 367 398 0 0
4 400 399 398 1 2
4 400 398 398 2 2
2 199 398 199 0 0
2 199 398 199 0 0
4 400 399 398 1 2
4 400 398 398 2 2
2 199 398 199 0 0
2 199 398 199 0 0
4 400 399 398 1 2
4 400 398 398 2 2
2 199 398 199 0 0
2 199 398 199 0 0
4 400 399 398 1 2
4 400 398 398 2 2
2 199 398 199 0 0
2 199 398 199 0 0
4 400 399 398 1 2
4 400 398 398 2 2
2 199 398 199 0 0
2 199 398 199 0 0
4 400 399 398 1 2
4 400 398 398 2 2
2 391 391 398 0 0
4 400 399 398 1 2
4 400 398 398 2 2
2 249 249 398 0 0
4 400 399 398 1 2
4 400 398 398 2 2
2 233 233 398 0 0
4 400 399 398 1 2
4 400 398 398 2 2
2 199 398 199 0 0
2 199 398 199 0 0
4 400 399 398 1 2
4 400 398 398 2 2
2 199 398 199 0 0
2 199 398 199 0 0
4 400 399 398 1 2
4 400 398 398 2 2
2 199 398 199 0 0
2 199 398 199 0 0
4 400 399 398 1 2
4 400 398 398 2 2
2 219 219 398 0 0
4 400 399 398 1 2
4 400 398 398 2 2
2 343 343 398 0 0
4 400 399 398 1 2
4 400 398 398 2 2
2 199 398 199 0 0
2 199 398 199 0 0
4 400 399 398 1 2
4 400 398 398 2 2
2 199 398 199 0 0
2 199 398 199 0 0
4 400 399 398 1 2
4 400 398 398 2 2
2 308 308 398 0 0
4 400 399 398 1 2
4 400 398 398 2 2
2 199 398 199 0 0
2 199 398 199 0 0
4 400 399 398 1 2
4 400 398 398 2 2
2 199 398 199 0 0
2 199 398 199 0 0
4 400 399 398 1 2
4 400 398 398 2 2
2 339 339 398 0 0
4 400 399 398 1 2
4 400 398 398 2 2
2 199 398 199 0 0
2 199 398 199 0 0
4 400 399 398 1 2
4 400 398 398 2 2
2 314 314 398 0 0
4 400 399 398 1 2
4 400 398 398 2 2
2 336 336 398 0 0
4 400 399 398 1 2
4 400 398 398 2 2
2 282 282 398 0 0
4 400 399 398 1 2
4 400 398 398 2 2
2 335 335 398 0 0
4 400 399 398 1 2
4 400 398 398 2 2
2 199 398 199 0 0
2 199 398 199 0 0
4 400 399 398 1 2
4 400 398 398 2 2
2 278 278 398 0 0
4 400 399 398 1 2
4 400 398 398 2 2
2 199 398 199 0 0
2 199 398 199 0 0
4 400 399 398 1 2
4 400 398 398 2 2
2 199 398 199 0 0
2 199 398 199 0 0
4 400 399 398 1 2
4 400 398 398 2 2
2 396 396 398 0 0
4 400 399 398 1 2
4 400 398 398 2 2
2 209 209 398 0 0
4 400 399 398 1 2
4 400 398 398 2 2
2 199 398 199 0 0
2 199 398 199 0 0
4 400 399 398 1 2
4 400 398 398 2 2
2 199 398 199 0 0
2 199 398 199 0 0
4 400 399 398 1 2
4 400 398 398 2 2
2 199 398 199 0 0
2 199 398 199 0 0
4 400 399 398 1 2
4 400 398 398 2 2
2 212 212 398 0 0
4 400 399 398 1 2
4 400 398 398 2 2
2 232 232 398 0 0
4 400 399 398 1 2
4 400 398 398 2 2
2 377 377 398 0 0
4 400 399 398 1 2
4 400 398 398 2 2
2 201 201 398 0 0
4 400 399 398 1 2
4 400 398 398 2 2
2 199 398 199 0 0
2 199 398 199 0 0
4 400 399 398 1 2
4 400 398 398 2 2
2 199 398 199 0 0
2 199 398 199 0 0
4 400 399 398 1 2
4 400 398 398 2 2
2 199 398 199 0 0
2 199 398 199 0 0
4 400 399 398 1 2
4 400 398 398 2 2
2 213 213 398 0 0
4 400 399 398 1 2
4 400 398 398 2 2
2 301 301 398 0 0
4 400 399 398 1 2
4 400 398 398 2 2
2 199 398 199 0 0
2 199 398 199 0 0
4 400 399 398 1 2
4 400 398 398 2 2
2 199 398 199 0 0
2 199 398 199 0 0
4 400 399 398 1 2
4 400 398 398 2 2
2 199 398 199 0 0
2 199 398 199 0 0
4 400 399 398 1 2
4 400 398 398 2 2
2 296 296 398 0 0
4 400 399 398 1 2
4 400 398 398 2 2
2 199 398 199 0 0
2 199 398 199 0 0
4 400 399 398 1 2
4 400 398 398 2 2
2 199 398 199 0 0
2 199 398 199 0 0
4 400 399 398 1 2
4 400 398 398 2 2
2 397 397 398 0 0
4 400 399 398 1 2
4 400 398 398 2 2
2 311 311 398 0 0
4 400 399 398 1 2
4 400 398 398 2 2
2 199 398 199 0 0
2 199 398 199 0 0
